# ind  sec mod lay c x:y:z      x0         y0        z0           dx        dy        dz
#sector  0 name : CRV_EX     nmodules:   4 nlayers:   4 nbars:  16  ----------------------- bar_index:    0    1    2    0       9.900     25.650   3000.000
# module:   0 nlayers :   4
# ----------------------- layer :   0 nbars:   16 bar_index:    0    0    0    0    0  -3904.000   4387.000  21825.000      9.900    411.100   3020.000
    0   0   0  0   0  1  2  0  -3904.000   4387.000  21439.550      9.900     25.650   3000.000
    1   0   0  0   1  1  2  0  -3904.000   4387.000  21490.850      9.900     25.650   3000.000
    2   0   0  0   2  1  2  0  -3904.000   4387.000  21542.350      9.900     25.650   3000.000
    3   0   0  0   3  1  2  0  -3904.000   4387.000  21593.650      9.900     25.650   3000.000
    4   0   0  0   4  1  2  0  -3904.000   4387.000  21645.150      9.900     25.650   3000.000
    5   0   0  0   5  1  2  0  -3904.000   4387.000  21696.450      9.900     25.650   3000.000
    6   0   0  0   6  1  2  0  -3904.000   4387.000  21747.950      9.900     25.650   3000.000
    7   0   0  0   7  1  2  0  -3904.000   4387.000  21799.250      9.900     25.650   3000.000
    8   0   0  0   8  1  2  0  -3904.000   4387.000  21850.750      9.900     25.650   3000.000
    9   0   0  0   9  1  2  0  -3904.000   4387.000  21902.050      9.900     25.650   3000.000
   10   0   0  0  10  1  2  0  -3904.000   4387.000  21953.550      9.900     25.650   3000.000
   11   0   0  0  11  1  2  0  -3904.000   4387.000  22004.850      9.900     25.650   3000.000
   12   0   0  0  12  1  2  0  -3904.000   4387.000  22056.350      9.900     25.650   3000.000
   13   0   0  0  13  1  2  0  -3904.000   4387.000  22107.650      9.900     25.650   3000.000
   14   0   0  0  14  1  2  0  -3904.000   4387.000  22159.150      9.900     25.650   3000.000
   15   0   0  0  15  1  2  0  -3904.000   4387.000  22210.450      9.900     25.650   3000.000
# ----------------------- layer :   1 nbars:   16 bar_index:   16    0    0    1    0  -3904.000   4416.325  21783.000      9.900    411.100   3020.000
   16   0   0  1   0  1  2  0  -3904.000   4416.325  21397.550      9.900     25.650   3000.000
   17   0   0  1   1  1  2  0  -3904.000   4416.325  21448.850      9.900     25.650   3000.000
   18   0   0  1   2  1  2  0  -3904.000   4416.325  21500.350      9.900     25.650   3000.000
   19   0   0  1   3  1  2  0  -3904.000   4416.325  21551.650      9.900     25.650   3000.000
   20   0   0  1   4  1  2  0  -3904.000   4416.325  21603.150      9.900     25.650   3000.000
   21   0   0  1   5  1  2  0  -3904.000   4416.325  21654.450      9.900     25.650   3000.000
   22   0   0  1   6  1  2  0  -3904.000   4416.325  21705.950      9.900     25.650   3000.000
   23   0   0  1   7  1  2  0  -3904.000   4416.325  21757.250      9.900     25.650   3000.000
   24   0   0  1   8  1  2  0  -3904.000   4416.325  21808.750      9.900     25.650   3000.000
   25   0   0  1   9  1  2  0  -3904.000   4416.325  21860.050      9.900     25.650   3000.000
   26   0   0  1  10  1  2  0  -3904.000   4416.325  21911.550      9.900     25.650   3000.000
   27   0   0  1  11  1  2  0  -3904.000   4416.325  21962.850      9.900     25.650   3000.000
   28   0   0  1  12  1  2  0  -3904.000   4416.325  22014.350      9.900     25.650   3000.000
   29   0   0  1  13  1  2  0  -3904.000   4416.325  22065.650      9.900     25.650   3000.000
   30   0   0  1  14  1  2  0  -3904.000   4416.325  22117.150      9.900     25.650   3000.000
   31   0   0  1  15  1  2  0  -3904.000   4416.325  22168.450      9.900     25.650   3000.000
# ----------------------- layer :   2 nbars:   16 bar_index:   32    0    0    2    0  -3904.000   4445.650  21741.000      9.900    411.100   3020.000
   32   0   0  2   0  1  2  0  -3904.000   4445.650  21355.550      9.900     25.650   3000.000
   33   0   0  2   1  1  2  0  -3904.000   4445.650  21406.850      9.900     25.650   3000.000
   34   0   0  2   2  1  2  0  -3904.000   4445.650  21458.350      9.900     25.650   3000.000
   35   0   0  2   3  1  2  0  -3904.000   4445.650  21509.650      9.900     25.650   3000.000
   36   0   0  2   4  1  2  0  -3904.000   4445.650  21561.150      9.900     25.650   3000.000
   37   0   0  2   5  1  2  0  -3904.000   4445.650  21612.450      9.900     25.650   3000.000
   38   0   0  2   6  1  2  0  -3904.000   4445.650  21663.950      9.900     25.650   3000.000
   39   0   0  2   7  1  2  0  -3904.000   4445.650  21715.250      9.900     25.650   3000.000
   40   0   0  2   8  1  2  0  -3904.000   4445.650  21766.750      9.900     25.650   3000.000
   41   0   0  2   9  1  2  0  -3904.000   4445.650  21818.050      9.900     25.650   3000.000
   42   0   0  2  10  1  2  0  -3904.000   4445.650  21869.550      9.900     25.650   3000.000
   43   0   0  2  11  1  2  0  -3904.000   4445.650  21920.850      9.900     25.650   3000.000
   44   0   0  2  12  1  2  0  -3904.000   4445.650  21972.350      9.900     25.650   3000.000
   45   0   0  2  13  1  2  0  -3904.000   4445.650  22023.650      9.900     25.650   3000.000
   46   0   0  2  14  1  2  0  -3904.000   4445.650  22075.150      9.900     25.650   3000.000
   47   0   0  2  15  1  2  0  -3904.000   4445.650  22126.450      9.900     25.650   3000.000
# ----------------------- layer :   3 nbars:   16 bar_index:   48    0    0    3    0  -3904.000   4474.975  21699.000      9.900    411.100   3020.000
   48   0   0  3   0  1  2  0  -3904.000   4474.975  21313.550      9.900     25.650   3000.000
   49   0   0  3   1  1  2  0  -3904.000   4474.975  21364.850      9.900     25.650   3000.000
   50   0   0  3   2  1  2  0  -3904.000   4474.975  21416.350      9.900     25.650   3000.000
   51   0   0  3   3  1  2  0  -3904.000   4474.975  21467.650      9.900     25.650   3000.000
   52   0   0  3   4  1  2  0  -3904.000   4474.975  21519.150      9.900     25.650   3000.000
   53   0   0  3   5  1  2  0  -3904.000   4474.975  21570.450      9.900     25.650   3000.000
   54   0   0  3   6  1  2  0  -3904.000   4474.975  21621.950      9.900     25.650   3000.000
   55   0   0  3   7  1  2  0  -3904.000   4474.975  21673.250      9.900     25.650   3000.000
   56   0   0  3   8  1  2  0  -3904.000   4474.975  21724.750      9.900     25.650   3000.000
   57   0   0  3   9  1  2  0  -3904.000   4474.975  21776.050      9.900     25.650   3000.000
   58   0   0  3  10  1  2  0  -3904.000   4474.975  21827.550      9.900     25.650   3000.000
   59   0   0  3  11  1  2  0  -3904.000   4474.975  21878.850      9.900     25.650   3000.000
   60   0   0  3  12  1  2  0  -3904.000   4474.975  21930.350      9.900     25.650   3000.000
   61   0   0  3  13  1  2  0  -3904.000   4474.975  21981.650      9.900     25.650   3000.000
   62   0   0  3  14  1  2  0  -3904.000   4474.975  22033.150      9.900     25.650   3000.000
   63   0   0  3  15  1  2  0  -3904.000   4474.975  22084.450      9.900     25.650   3000.000
# module:   1 nlayers :   4
# ----------------------- layer :   0 nbars:   16 bar_index:   64    0    1    0    0  -3904.000   4387.000  22651.633      9.900    411.100   3020.000
   64   0   1  0   0  1  2  0  -3904.000   4387.000  22266.183      9.900     25.650   3000.000
   65   0   1  0   1  1  2  0  -3904.000   4387.000  22317.483      9.900     25.650   3000.000
   66   0   1  0   2  1  2  0  -3904.000   4387.000  22368.983      9.900     25.650   3000.000
   67   0   1  0   3  1  2  0  -3904.000   4387.000  22420.283      9.900     25.650   3000.000
   68   0   1  0   4  1  2  0  -3904.000   4387.000  22471.783      9.900     25.650   3000.000
   69   0   1  0   5  1  2  0  -3904.000   4387.000  22523.083      9.900     25.650   3000.000
   70   0   1  0   6  1  2  0  -3904.000   4387.000  22574.583      9.900     25.650   3000.000
   71   0   1  0   7  1  2  0  -3904.000   4387.000  22625.883      9.900     25.650   3000.000
   72   0   1  0   8  1  2  0  -3904.000   4387.000  22677.383      9.900     25.650   3000.000
   73   0   1  0   9  1  2  0  -3904.000   4387.000  22728.683      9.900     25.650   3000.000
   74   0   1  0  10  1  2  0  -3904.000   4387.000  22780.183      9.900     25.650   3000.000
   75   0   1  0  11  1  2  0  -3904.000   4387.000  22831.483      9.900     25.650   3000.000
   76   0   1  0  12  1  2  0  -3904.000   4387.000  22882.983      9.900     25.650   3000.000
   77   0   1  0  13  1  2  0  -3904.000   4387.000  22934.283      9.900     25.650   3000.000
   78   0   1  0  14  1  2  0  -3904.000   4387.000  22985.783      9.900     25.650   3000.000
   79   0   1  0  15  1  2  0  -3904.000   4387.000  23037.083      9.900     25.650   3000.000
# ----------------------- layer :   1 nbars:   16 bar_index:   80    0    1    1    0  -3904.000   4416.325  22609.633      9.900    411.100   3020.000
   80   0   1  1   0  1  2  0  -3904.000   4416.325  22224.183      9.900     25.650   3000.000
   81   0   1  1   1  1  2  0  -3904.000   4416.325  22275.483      9.900     25.650   3000.000
   82   0   1  1   2  1  2  0  -3904.000   4416.325  22326.983      9.900     25.650   3000.000
   83   0   1  1   3  1  2  0  -3904.000   4416.325  22378.283      9.900     25.650   3000.000
   84   0   1  1   4  1  2  0  -3904.000   4416.325  22429.783      9.900     25.650   3000.000
   85   0   1  1   5  1  2  0  -3904.000   4416.325  22481.083      9.900     25.650   3000.000
   86   0   1  1   6  1  2  0  -3904.000   4416.325  22532.583      9.900     25.650   3000.000
   87   0   1  1   7  1  2  0  -3904.000   4416.325  22583.883      9.900     25.650   3000.000
   88   0   1  1   8  1  2  0  -3904.000   4416.325  22635.383      9.900     25.650   3000.000
   89   0   1  1   9  1  2  0  -3904.000   4416.325  22686.683      9.900     25.650   3000.000
   90   0   1  1  10  1  2  0  -3904.000   4416.325  22738.183      9.900     25.650   3000.000
   91   0   1  1  11  1  2  0  -3904.000   4416.325  22789.483      9.900     25.650   3000.000
   92   0   1  1  12  1  2  0  -3904.000   4416.325  22840.983      9.900     25.650   3000.000
   93   0   1  1  13  1  2  0  -3904.000   4416.325  22892.283      9.900     25.650   3000.000
   94   0   1  1  14  1  2  0  -3904.000   4416.325  22943.783      9.900     25.650   3000.000
   95   0   1  1  15  1  2  0  -3904.000   4416.325  22995.083      9.900     25.650   3000.000
# ----------------------- layer :   2 nbars:   16 bar_index:   96    0    1    2    0  -3904.000   4445.650  22567.633      9.900    411.100   3020.000
   96   0   1  2   0  1  2  0  -3904.000   4445.650  22182.183      9.900     25.650   3000.000
   97   0   1  2   1  1  2  0  -3904.000   4445.650  22233.483      9.900     25.650   3000.000
   98   0   1  2   2  1  2  0  -3904.000   4445.650  22284.983      9.900     25.650   3000.000
   99   0   1  2   3  1  2  0  -3904.000   4445.650  22336.283      9.900     25.650   3000.000
  100   0   1  2   4  1  2  0  -3904.000   4445.650  22387.783      9.900     25.650   3000.000
  101   0   1  2   5  1  2  0  -3904.000   4445.650  22439.083      9.900     25.650   3000.000
  102   0   1  2   6  1  2  0  -3904.000   4445.650  22490.583      9.900     25.650   3000.000
  103   0   1  2   7  1  2  0  -3904.000   4445.650  22541.883      9.900     25.650   3000.000
  104   0   1  2   8  1  2  0  -3904.000   4445.650  22593.383      9.900     25.650   3000.000
  105   0   1  2   9  1  2  0  -3904.000   4445.650  22644.683      9.900     25.650   3000.000
  106   0   1  2  10  1  2  0  -3904.000   4445.650  22696.183      9.900     25.650   3000.000
  107   0   1  2  11  1  2  0  -3904.000   4445.650  22747.483      9.900     25.650   3000.000
  108   0   1  2  12  1  2  0  -3904.000   4445.650  22798.983      9.900     25.650   3000.000
  109   0   1  2  13  1  2  0  -3904.000   4445.650  22850.283      9.900     25.650   3000.000
  110   0   1  2  14  1  2  0  -3904.000   4445.650  22901.783      9.900     25.650   3000.000
  111   0   1  2  15  1  2  0  -3904.000   4445.650  22953.083      9.900     25.650   3000.000
# ----------------------- layer :   3 nbars:   16 bar_index:  112    0    1    3    0  -3904.000   4474.975  22525.633      9.900    411.100   3020.000
  112   0   1  3   0  1  2  0  -3904.000   4474.975  22140.183      9.900     25.650   3000.000
  113   0   1  3   1  1  2  0  -3904.000   4474.975  22191.483      9.900     25.650   3000.000
  114   0   1  3   2  1  2  0  -3904.000   4474.975  22242.983      9.900     25.650   3000.000
  115   0   1  3   3  1  2  0  -3904.000   4474.975  22294.283      9.900     25.650   3000.000
  116   0   1  3   4  1  2  0  -3904.000   4474.975  22345.783      9.900     25.650   3000.000
  117   0   1  3   5  1  2  0  -3904.000   4474.975  22397.083      9.900     25.650   3000.000
  118   0   1  3   6  1  2  0  -3904.000   4474.975  22448.583      9.900     25.650   3000.000
  119   0   1  3   7  1  2  0  -3904.000   4474.975  22499.883      9.900     25.650   3000.000
  120   0   1  3   8  1  2  0  -3904.000   4474.975  22551.383      9.900     25.650   3000.000
  121   0   1  3   9  1  2  0  -3904.000   4474.975  22602.683      9.900     25.650   3000.000
  122   0   1  3  10  1  2  0  -3904.000   4474.975  22654.183      9.900     25.650   3000.000
  123   0   1  3  11  1  2  0  -3904.000   4474.975  22705.483      9.900     25.650   3000.000
  124   0   1  3  12  1  2  0  -3904.000   4474.975  22756.983      9.900     25.650   3000.000
  125   0   1  3  13  1  2  0  -3904.000   4474.975  22808.283      9.900     25.650   3000.000
  126   0   1  3  14  1  2  0  -3904.000   4474.975  22859.783      9.900     25.650   3000.000
  127   0   1  3  15  1  2  0  -3904.000   4474.975  22911.083      9.900     25.650   3000.000
# module:   2 nlayers :   4
# ----------------------- layer :   0 nbars:   16 bar_index:  128    0    2    0    0  -3904.000   4387.000  23478.266      9.900    411.100   3020.000
  128   0   2  0   0  1  2  0  -3904.000   4387.000  23092.816      9.900     25.650   3000.000
  129   0   2  0   1  1  2  0  -3904.000   4387.000  23144.116      9.900     25.650   3000.000
  130   0   2  0   2  1  2  0  -3904.000   4387.000  23195.616      9.900     25.650   3000.000
  131   0   2  0   3  1  2  0  -3904.000   4387.000  23246.916      9.900     25.650   3000.000
  132   0   2  0   4  1  2  0  -3904.000   4387.000  23298.416      9.900     25.650   3000.000
  133   0   2  0   5  1  2  0  -3904.000   4387.000  23349.716      9.900     25.650   3000.000
  134   0   2  0   6  1  2  0  -3904.000   4387.000  23401.216      9.900     25.650   3000.000
  135   0   2  0   7  1  2  0  -3904.000   4387.000  23452.516      9.900     25.650   3000.000
  136   0   2  0   8  1  2  0  -3904.000   4387.000  23504.016      9.900     25.650   3000.000
  137   0   2  0   9  1  2  0  -3904.000   4387.000  23555.316      9.900     25.650   3000.000
  138   0   2  0  10  1  2  0  -3904.000   4387.000  23606.816      9.900     25.650   3000.000
  139   0   2  0  11  1  2  0  -3904.000   4387.000  23658.116      9.900     25.650   3000.000
  140   0   2  0  12  1  2  0  -3904.000   4387.000  23709.616      9.900     25.650   3000.000
  141   0   2  0  13  1  2  0  -3904.000   4387.000  23760.916      9.900     25.650   3000.000
  142   0   2  0  14  1  2  0  -3904.000   4387.000  23812.416      9.900     25.650   3000.000
  143   0   2  0  15  1  2  0  -3904.000   4387.000  23863.716      9.900     25.650   3000.000
# ----------------------- layer :   1 nbars:   16 bar_index:  144    0    2    1    0  -3904.000   4416.325  23436.266      9.900    411.100   3020.000
  144   0   2  1   0  1  2  0  -3904.000   4416.325  23050.816      9.900     25.650   3000.000
  145   0   2  1   1  1  2  0  -3904.000   4416.325  23102.116      9.900     25.650   3000.000
  146   0   2  1   2  1  2  0  -3904.000   4416.325  23153.616      9.900     25.650   3000.000
  147   0   2  1   3  1  2  0  -3904.000   4416.325  23204.916      9.900     25.650   3000.000
  148   0   2  1   4  1  2  0  -3904.000   4416.325  23256.416      9.900     25.650   3000.000
  149   0   2  1   5  1  2  0  -3904.000   4416.325  23307.716      9.900     25.650   3000.000
  150   0   2  1   6  1  2  0  -3904.000   4416.325  23359.216      9.900     25.650   3000.000
  151   0   2  1   7  1  2  0  -3904.000   4416.325  23410.516      9.900     25.650   3000.000
  152   0   2  1   8  1  2  0  -3904.000   4416.325  23462.016      9.900     25.650   3000.000
  153   0   2  1   9  1  2  0  -3904.000   4416.325  23513.316      9.900     25.650   3000.000
  154   0   2  1  10  1  2  0  -3904.000   4416.325  23564.816      9.900     25.650   3000.000
  155   0   2  1  11  1  2  0  -3904.000   4416.325  23616.116      9.900     25.650   3000.000
  156   0   2  1  12  1  2  0  -3904.000   4416.325  23667.616      9.900     25.650   3000.000
  157   0   2  1  13  1  2  0  -3904.000   4416.325  23718.916      9.900     25.650   3000.000
  158   0   2  1  14  1  2  0  -3904.000   4416.325  23770.416      9.900     25.650   3000.000
  159   0   2  1  15  1  2  0  -3904.000   4416.325  23821.716      9.900     25.650   3000.000
# ----------------------- layer :   2 nbars:   16 bar_index:  160    0    2    2    0  -3904.000   4445.650  23394.266      9.900    411.100   3020.000
  160   0   2  2   0  1  2  0  -3904.000   4445.650  23008.816      9.900     25.650   3000.000
  161   0   2  2   1  1  2  0  -3904.000   4445.650  23060.116      9.900     25.650   3000.000
  162   0   2  2   2  1  2  0  -3904.000   4445.650  23111.616      9.900     25.650   3000.000
  163   0   2  2   3  1  2  0  -3904.000   4445.650  23162.916      9.900     25.650   3000.000
  164   0   2  2   4  1  2  0  -3904.000   4445.650  23214.416      9.900     25.650   3000.000
  165   0   2  2   5  1  2  0  -3904.000   4445.650  23265.716      9.900     25.650   3000.000
  166   0   2  2   6  1  2  0  -3904.000   4445.650  23317.216      9.900     25.650   3000.000
  167   0   2  2   7  1  2  0  -3904.000   4445.650  23368.516      9.900     25.650   3000.000
  168   0   2  2   8  1  2  0  -3904.000   4445.650  23420.016      9.900     25.650   3000.000
  169   0   2  2   9  1  2  0  -3904.000   4445.650  23471.316      9.900     25.650   3000.000
  170   0   2  2  10  1  2  0  -3904.000   4445.650  23522.816      9.900     25.650   3000.000
  171   0   2  2  11  1  2  0  -3904.000   4445.650  23574.116      9.900     25.650   3000.000
  172   0   2  2  12  1  2  0  -3904.000   4445.650  23625.616      9.900     25.650   3000.000
  173   0   2  2  13  1  2  0  -3904.000   4445.650  23676.916      9.900     25.650   3000.000
  174   0   2  2  14  1  2  0  -3904.000   4445.650  23728.416      9.900     25.650   3000.000
  175   0   2  2  15  1  2  0  -3904.000   4445.650  23779.716      9.900     25.650   3000.000
# ----------------------- layer :   3 nbars:   16 bar_index:  176    0    2    3    0  -3904.000   4474.975  23352.266      9.900    411.100   3020.000
  176   0   2  3   0  1  2  0  -3904.000   4474.975  22966.816      9.900     25.650   3000.000
  177   0   2  3   1  1  2  0  -3904.000   4474.975  23018.116      9.900     25.650   3000.000
  178   0   2  3   2  1  2  0  -3904.000   4474.975  23069.616      9.900     25.650   3000.000
  179   0   2  3   3  1  2  0  -3904.000   4474.975  23120.916      9.900     25.650   3000.000
  180   0   2  3   4  1  2  0  -3904.000   4474.975  23172.416      9.900     25.650   3000.000
  181   0   2  3   5  1  2  0  -3904.000   4474.975  23223.716      9.900     25.650   3000.000
  182   0   2  3   6  1  2  0  -3904.000   4474.975  23275.216      9.900     25.650   3000.000
  183   0   2  3   7  1  2  0  -3904.000   4474.975  23326.516      9.900     25.650   3000.000
  184   0   2  3   8  1  2  0  -3904.000   4474.975  23378.016      9.900     25.650   3000.000
  185   0   2  3   9  1  2  0  -3904.000   4474.975  23429.316      9.900     25.650   3000.000
  186   0   2  3  10  1  2  0  -3904.000   4474.975  23480.816      9.900     25.650   3000.000
  187   0   2  3  11  1  2  0  -3904.000   4474.975  23532.116      9.900     25.650   3000.000
  188   0   2  3  12  1  2  0  -3904.000   4474.975  23583.616      9.900     25.650   3000.000
  189   0   2  3  13  1  2  0  -3904.000   4474.975  23634.916      9.900     25.650   3000.000
  190   0   2  3  14  1  2  0  -3904.000   4474.975  23686.416      9.900     25.650   3000.000
  191   0   2  3  15  1  2  0  -3904.000   4474.975  23737.716      9.900     25.650   3000.000
# module:   3 nlayers :   4
# ----------------------- layer :   0 nbars:   16 bar_index:  192    0    3    0    0  -3904.000   4387.000  24304.899      9.900    411.100   3020.000
  192   0   3  0   0  1  2  0  -3904.000   4387.000  23919.449      9.900     25.650   3000.000
  193   0   3  0   1  1  2  0  -3904.000   4387.000  23970.749      9.900     25.650   3000.000
  194   0   3  0   2  1  2  0  -3904.000   4387.000  24022.249      9.900     25.650   3000.000
  195   0   3  0   3  1  2  0  -3904.000   4387.000  24073.549      9.900     25.650   3000.000
  196   0   3  0   4  1  2  0  -3904.000   4387.000  24125.049      9.900     25.650   3000.000
  197   0   3  0   5  1  2  0  -3904.000   4387.000  24176.349      9.900     25.650   3000.000
  198   0   3  0   6  1  2  0  -3904.000   4387.000  24227.849      9.900     25.650   3000.000
  199   0   3  0   7  1  2  0  -3904.000   4387.000  24279.149      9.900     25.650   3000.000
  200   0   3  0   8  1  2  0  -3904.000   4387.000  24330.649      9.900     25.650   3000.000
  201   0   3  0   9  1  2  0  -3904.000   4387.000  24381.949      9.900     25.650   3000.000
  202   0   3  0  10  1  2  0  -3904.000   4387.000  24433.449      9.900     25.650   3000.000
  203   0   3  0  11  1  2  0  -3904.000   4387.000  24484.749      9.900     25.650   3000.000
  204   0   3  0  12  1  2  0  -3904.000   4387.000  24536.249      9.900     25.650   3000.000
  205   0   3  0  13  1  2  0  -3904.000   4387.000  24587.549      9.900     25.650   3000.000
  206   0   3  0  14  1  2  0  -3904.000   4387.000  24639.049      9.900     25.650   3000.000
  207   0   3  0  15  1  2  0  -3904.000   4387.000  24690.349      9.900     25.650   3000.000
# ----------------------- layer :   1 nbars:   16 bar_index:  208    0    3    1    0  -3904.000   4416.325  24262.899      9.900    411.100   3020.000
  208   0   3  1   0  1  2  0  -3904.000   4416.325  23877.449      9.900     25.650   3000.000
  209   0   3  1   1  1  2  0  -3904.000   4416.325  23928.749      9.900     25.650   3000.000
  210   0   3  1   2  1  2  0  -3904.000   4416.325  23980.249      9.900     25.650   3000.000
  211   0   3  1   3  1  2  0  -3904.000   4416.325  24031.549      9.900     25.650   3000.000
  212   0   3  1   4  1  2  0  -3904.000   4416.325  24083.049      9.900     25.650   3000.000
  213   0   3  1   5  1  2  0  -3904.000   4416.325  24134.349      9.900     25.650   3000.000
  214   0   3  1   6  1  2  0  -3904.000   4416.325  24185.849      9.900     25.650   3000.000
  215   0   3  1   7  1  2  0  -3904.000   4416.325  24237.149      9.900     25.650   3000.000
  216   0   3  1   8  1  2  0  -3904.000   4416.325  24288.649      9.900     25.650   3000.000
  217   0   3  1   9  1  2  0  -3904.000   4416.325  24339.949      9.900     25.650   3000.000
  218   0   3  1  10  1  2  0  -3904.000   4416.325  24391.449      9.900     25.650   3000.000
  219   0   3  1  11  1  2  0  -3904.000   4416.325  24442.749      9.900     25.650   3000.000
  220   0   3  1  12  1  2  0  -3904.000   4416.325  24494.249      9.900     25.650   3000.000
  221   0   3  1  13  1  2  0  -3904.000   4416.325  24545.549      9.900     25.650   3000.000
  222   0   3  1  14  1  2  0  -3904.000   4416.325  24597.049      9.900     25.650   3000.000
  223   0   3  1  15  1  2  0  -3904.000   4416.325  24648.349      9.900     25.650   3000.000
# ----------------------- layer :   2 nbars:   16 bar_index:  224    0    3    2    0  -3904.000   4445.650  24220.899      9.900    411.100   3020.000
  224   0   3  2   0  1  2  0  -3904.000   4445.650  23835.449      9.900     25.650   3000.000
  225   0   3  2   1  1  2  0  -3904.000   4445.650  23886.749      9.900     25.650   3000.000
  226   0   3  2   2  1  2  0  -3904.000   4445.650  23938.249      9.900     25.650   3000.000
  227   0   3  2   3  1  2  0  -3904.000   4445.650  23989.549      9.900     25.650   3000.000
  228   0   3  2   4  1  2  0  -3904.000   4445.650  24041.049      9.900     25.650   3000.000
  229   0   3  2   5  1  2  0  -3904.000   4445.650  24092.349      9.900     25.650   3000.000
  230   0   3  2   6  1  2  0  -3904.000   4445.650  24143.849      9.900     25.650   3000.000
  231   0   3  2   7  1  2  0  -3904.000   4445.650  24195.149      9.900     25.650   3000.000
  232   0   3  2   8  1  2  0  -3904.000   4445.650  24246.649      9.900     25.650   3000.000
  233   0   3  2   9  1  2  0  -3904.000   4445.650  24297.949      9.900     25.650   3000.000
  234   0   3  2  10  1  2  0  -3904.000   4445.650  24349.449      9.900     25.650   3000.000
  235   0   3  2  11  1  2  0  -3904.000   4445.650  24400.749      9.900     25.650   3000.000
  236   0   3  2  12  1  2  0  -3904.000   4445.650  24452.249      9.900     25.650   3000.000
  237   0   3  2  13  1  2  0  -3904.000   4445.650  24503.549      9.900     25.650   3000.000
  238   0   3  2  14  1  2  0  -3904.000   4445.650  24555.049      9.900     25.650   3000.000
  239   0   3  2  15  1  2  0  -3904.000   4445.650  24606.349      9.900     25.650   3000.000
# ----------------------- layer :   3 nbars:   16 bar_index:  240    0    3    3    0  -3904.000   4474.975  24178.899      9.900    411.100   3020.000
  240   0   3  3   0  1  2  0  -3904.000   4474.975  23793.449      9.900     25.650   3000.000
  241   0   3  3   1  1  2  0  -3904.000   4474.975  23844.749      9.900     25.650   3000.000
  242   0   3  3   2  1  2  0  -3904.000   4474.975  23896.249      9.900     25.650   3000.000
  243   0   3  3   3  1  2  0  -3904.000   4474.975  23947.549      9.900     25.650   3000.000
  244   0   3  3   4  1  2  0  -3904.000   4474.975  23999.049      9.900     25.650   3000.000
  245   0   3  3   5  1  2  0  -3904.000   4474.975  24050.349      9.900     25.650   3000.000
  246   0   3  3   6  1  2  0  -3904.000   4474.975  24101.849      9.900     25.650   3000.000
  247   0   3  3   7  1  2  0  -3904.000   4474.975  24153.149      9.900     25.650   3000.000
  248   0   3  3   8  1  2  0  -3904.000   4474.975  24204.649      9.900     25.650   3000.000
  249   0   3  3   9  1  2  0  -3904.000   4474.975  24255.949      9.900     25.650   3000.000
  250   0   3  3  10  1  2  0  -3904.000   4474.975  24307.449      9.900     25.650   3000.000
  251   0   3  3  11  1  2  0  -3904.000   4474.975  24358.749      9.900     25.650   3000.000
  252   0   3  3  12  1  2  0  -3904.000   4474.975  24410.249      9.900     25.650   3000.000
  253   0   3  3  13  1  2  0  -3904.000   4474.975  24461.549      9.900     25.650   3000.000
  254   0   3  3  14  1  2  0  -3904.000   4474.975  24513.049      9.900     25.650   3000.000
  255   0   3  3  15  1  2  0  -3904.000   4474.975  24564.349      9.900     25.650   3000.000
#sector  1 name : CRV_T1     nmodules:   2 nlayers:   4 nbars:  16  ----------------------- bar_index:  256    1    0    2       9.900     25.650   1185.000
# module:   0 nlayers :   4
# ----------------------- layer :   0 nbars:   16 bar_index:  256    1    0    0    0  -4317.320   4237.000  23074.950      9.900    411.100   1195.000
  256   1   0  0   0  1  0  2  -4702.770   4237.000  23064.950      9.900     25.650   1185.000
  257   1   0  0   1  1  0  2  -4651.470   4237.000  23064.950      9.900     25.650   1185.000
  258   1   0  0   2  1  0  2  -4599.970   4237.000  23064.950      9.900     25.650   1185.000
  259   1   0  0   3  1  0  2  -4548.670   4237.000  23064.950      9.900     25.650   1185.000
  260   1   0  0   4  1  0  2  -4497.170   4237.000  23064.950      9.900     25.650   1185.000
  261   1   0  0   5  1  0  2  -4445.870   4237.000  23064.950      9.900     25.650   1185.000
  262   1   0  0   6  1  0  2  -4394.370   4237.000  23064.950      9.900     25.650   1185.000
  263   1   0  0   7  1  0  2  -4343.070   4237.000  23064.950      9.900     25.650   1185.000
  264   1   0  0   8  1  0  2  -4291.570   4237.000  23064.950      9.900     25.650   1185.000
  265   1   0  0   9  1  0  2  -4240.270   4237.000  23064.950      9.900     25.650   1185.000
  266   1   0  0  10  1  0  2  -4188.770   4237.000  23064.950      9.900     25.650   1185.000
  267   1   0  0  11  1  0  2  -4137.470   4237.000  23064.950      9.900     25.650   1185.000
  268   1   0  0  12  1  0  2  -4085.970   4237.000  23064.950      9.900     25.650   1185.000
  269   1   0  0  13  1  0  2  -4034.670   4237.000  23064.950      9.900     25.650   1185.000
  270   1   0  0  14  1  0  2  -3983.170   4237.000  23064.950      9.900     25.650   1185.000
  271   1   0  0  15  1  0  2  -3931.870   4237.000  23064.950      9.900     25.650   1185.000
# ----------------------- layer :   1 nbars:   16 bar_index:  272    1    0    1    0  -4317.320   4266.325  23074.950      9.900    411.100   1195.000
  272   1   0  1   0  1  0  2  -4702.770   4266.325  23064.950      9.900     25.650   1185.000
  273   1   0  1   1  1  0  2  -4651.470   4266.325  23064.950      9.900     25.650   1185.000
  274   1   0  1   2  1  0  2  -4599.970   4266.325  23064.950      9.900     25.650   1185.000
  275   1   0  1   3  1  0  2  -4548.670   4266.325  23064.950      9.900     25.650   1185.000
  276   1   0  1   4  1  0  2  -4497.170   4266.325  23064.950      9.900     25.650   1185.000
  277   1   0  1   5  1  0  2  -4445.870   4266.325  23064.950      9.900     25.650   1185.000
  278   1   0  1   6  1  0  2  -4394.370   4266.325  23064.950      9.900     25.650   1185.000
  279   1   0  1   7  1  0  2  -4343.070   4266.325  23064.950      9.900     25.650   1185.000
  280   1   0  1   8  1  0  2  -4291.570   4266.325  23064.950      9.900     25.650   1185.000
  281   1   0  1   9  1  0  2  -4240.270   4266.325  23064.950      9.900     25.650   1185.000
  282   1   0  1  10  1  0  2  -4188.770   4266.325  23064.950      9.900     25.650   1185.000
  283   1   0  1  11  1  0  2  -4137.470   4266.325  23064.950      9.900     25.650   1185.000
  284   1   0  1  12  1  0  2  -4085.970   4266.325  23064.950      9.900     25.650   1185.000
  285   1   0  1  13  1  0  2  -4034.670   4266.325  23064.950      9.900     25.650   1185.000
  286   1   0  1  14  1  0  2  -3983.170   4266.325  23064.950      9.900     25.650   1185.000
  287   1   0  1  15  1  0  2  -3931.870   4266.325  23064.950      9.900     25.650   1185.000
# ----------------------- layer :   2 nbars:   16 bar_index:  288    1    0    2    0  -4317.320   4295.650  23074.950      9.900    411.100   1195.000
  288   1   0  2   0  1  0  2  -4702.770   4295.650  23064.950      9.900     25.650   1185.000
  289   1   0  2   1  1  0  2  -4651.470   4295.650  23064.950      9.900     25.650   1185.000
  290   1   0  2   2  1  0  2  -4599.970   4295.650  23064.950      9.900     25.650   1185.000
  291   1   0  2   3  1  0  2  -4548.670   4295.650  23064.950      9.900     25.650   1185.000
  292   1   0  2   4  1  0  2  -4497.170   4295.650  23064.950      9.900     25.650   1185.000
  293   1   0  2   5  1  0  2  -4445.870   4295.650  23064.950      9.900     25.650   1185.000
  294   1   0  2   6  1  0  2  -4394.370   4295.650  23064.950      9.900     25.650   1185.000
  295   1   0  2   7  1  0  2  -4343.070   4295.650  23064.950      9.900     25.650   1185.000
  296   1   0  2   8  1  0  2  -4291.570   4295.650  23064.950      9.900     25.650   1185.000
  297   1   0  2   9  1  0  2  -4240.270   4295.650  23064.950      9.900     25.650   1185.000
  298   1   0  2  10  1  0  2  -4188.770   4295.650  23064.950      9.900     25.650   1185.000
  299   1   0  2  11  1  0  2  -4137.470   4295.650  23064.950      9.900     25.650   1185.000
  300   1   0  2  12  1  0  2  -4085.970   4295.650  23064.950      9.900     25.650   1185.000
  301   1   0  2  13  1  0  2  -4034.670   4295.650  23064.950      9.900     25.650   1185.000
  302   1   0  2  14  1  0  2  -3983.170   4295.650  23064.950      9.900     25.650   1185.000
  303   1   0  2  15  1  0  2  -3931.870   4295.650  23064.950      9.900     25.650   1185.000
# ----------------------- layer :   3 nbars:   16 bar_index:  304    1    0    3    0  -4317.320   4324.975  23074.950      9.900    411.100   1195.000
  304   1   0  3   0  1  0  2  -4702.770   4324.975  23064.950      9.900     25.650   1185.000
  305   1   0  3   1  1  0  2  -4651.470   4324.975  23064.950      9.900     25.650   1185.000
  306   1   0  3   2  1  0  2  -4599.970   4324.975  23064.950      9.900     25.650   1185.000
  307   1   0  3   3  1  0  2  -4548.670   4324.975  23064.950      9.900     25.650   1185.000
  308   1   0  3   4  1  0  2  -4497.170   4324.975  23064.950      9.900     25.650   1185.000
  309   1   0  3   5  1  0  2  -4445.870   4324.975  23064.950      9.900     25.650   1185.000
  310   1   0  3   6  1  0  2  -4394.370   4324.975  23064.950      9.900     25.650   1185.000
  311   1   0  3   7  1  0  2  -4343.070   4324.975  23064.950      9.900     25.650   1185.000
  312   1   0  3   8  1  0  2  -4291.570   4324.975  23064.950      9.900     25.650   1185.000
  313   1   0  3   9  1  0  2  -4240.270   4324.975  23064.950      9.900     25.650   1185.000
  314   1   0  3  10  1  0  2  -4188.770   4324.975  23064.950      9.900     25.650   1185.000
  315   1   0  3  11  1  0  2  -4137.470   4324.975  23064.950      9.900     25.650   1185.000
  316   1   0  3  12  1  0  2  -4085.970   4324.975  23064.950      9.900     25.650   1185.000
  317   1   0  3  13  1  0  2  -4034.670   4324.975  23064.950      9.900     25.650   1185.000
  318   1   0  3  14  1  0  2  -3983.170   4324.975  23064.950      9.900     25.650   1185.000
  319   1   0  3  15  1  0  2  -3931.870   4324.975  23064.950      9.900     25.650   1185.000
# module:   1 nlayers :   4
# ----------------------- layer :   0 nbars:   16 bar_index:  320    1    1    0    0  -3490.687   4237.000  23074.950      9.900    411.100   1195.000
  320   1   1  0   0  1  0  2  -3876.137   4237.000  23064.950      9.900     25.650   1185.000
  321   1   1  0   1  1  0  2  -3824.837   4237.000  23064.950      9.900     25.650   1185.000
  322   1   1  0   2  1  0  2  -3773.337   4237.000  23064.950      9.900     25.650   1185.000
  323   1   1  0   3  1  0  2  -3722.037   4237.000  23064.950      9.900     25.650   1185.000
  324   1   1  0   4  1  0  2  -3670.537   4237.000  23064.950      9.900     25.650   1185.000
  325   1   1  0   5  1  0  2  -3619.237   4237.000  23064.950      9.900     25.650   1185.000
  326   1   1  0   6  1  0  2  -3567.737   4237.000  23064.950      9.900     25.650   1185.000
  327   1   1  0   7  1  0  2  -3516.437   4237.000  23064.950      9.900     25.650   1185.000
  328   1   1  0   8  1  0  2  -3464.937   4237.000  23064.950      9.900     25.650   1185.000
  329   1   1  0   9  1  0  2  -3413.637   4237.000  23064.950      9.900     25.650   1185.000
  330   1   1  0  10  1  0  2  -3362.137   4237.000  23064.950      9.900     25.650   1185.000
  331   1   1  0  11  1  0  2  -3310.837   4237.000  23064.950      9.900     25.650   1185.000
  332   1   1  0  12  1  0  2  -3259.337   4237.000  23064.950      9.900     25.650   1185.000
  333   1   1  0  13  1  0  2  -3208.037   4237.000  23064.950      9.900     25.650   1185.000
  334   1   1  0  14  1  0  2  -3156.537   4237.000  23064.950      9.900     25.650   1185.000
  335   1   1  0  15  1  0  2  -3105.237   4237.000  23064.950      9.900     25.650   1185.000
# ----------------------- layer :   1 nbars:   16 bar_index:  336    1    1    1    0  -3490.687   4266.325  23074.950      9.900    411.100   1195.000
  336   1   1  1   0  1  0  2  -3876.137   4266.325  23064.950      9.900     25.650   1185.000
  337   1   1  1   1  1  0  2  -3824.837   4266.325  23064.950      9.900     25.650   1185.000
  338   1   1  1   2  1  0  2  -3773.337   4266.325  23064.950      9.900     25.650   1185.000
  339   1   1  1   3  1  0  2  -3722.037   4266.325  23064.950      9.900     25.650   1185.000
  340   1   1  1   4  1  0  2  -3670.537   4266.325  23064.950      9.900     25.650   1185.000
  341   1   1  1   5  1  0  2  -3619.237   4266.325  23064.950      9.900     25.650   1185.000
  342   1   1  1   6  1  0  2  -3567.737   4266.325  23064.950      9.900     25.650   1185.000
  343   1   1  1   7  1  0  2  -3516.437   4266.325  23064.950      9.900     25.650   1185.000
  344   1   1  1   8  1  0  2  -3464.937   4266.325  23064.950      9.900     25.650   1185.000
  345   1   1  1   9  1  0  2  -3413.637   4266.325  23064.950      9.900     25.650   1185.000
  346   1   1  1  10  1  0  2  -3362.137   4266.325  23064.950      9.900     25.650   1185.000
  347   1   1  1  11  1  0  2  -3310.837   4266.325  23064.950      9.900     25.650   1185.000
  348   1   1  1  12  1  0  2  -3259.337   4266.325  23064.950      9.900     25.650   1185.000
  349   1   1  1  13  1  0  2  -3208.037   4266.325  23064.950      9.900     25.650   1185.000
  350   1   1  1  14  1  0  2  -3156.537   4266.325  23064.950      9.900     25.650   1185.000
  351   1   1  1  15  1  0  2  -3105.237   4266.325  23064.950      9.900     25.650   1185.000
# ----------------------- layer :   2 nbars:   16 bar_index:  352    1    1    2    0  -3490.687   4295.650  23074.950      9.900    411.100   1195.000
  352   1   1  2   0  1  0  2  -3876.137   4295.650  23064.950      9.900     25.650   1185.000
  353   1   1  2   1  1  0  2  -3824.837   4295.650  23064.950      9.900     25.650   1185.000
  354   1   1  2   2  1  0  2  -3773.337   4295.650  23064.950      9.900     25.650   1185.000
  355   1   1  2   3  1  0  2  -3722.037   4295.650  23064.950      9.900     25.650   1185.000
  356   1   1  2   4  1  0  2  -3670.537   4295.650  23064.950      9.900     25.650   1185.000
  357   1   1  2   5  1  0  2  -3619.237   4295.650  23064.950      9.900     25.650   1185.000
  358   1   1  2   6  1  0  2  -3567.737   4295.650  23064.950      9.900     25.650   1185.000
  359   1   1  2   7  1  0  2  -3516.437   4295.650  23064.950      9.900     25.650   1185.000
  360   1   1  2   8  1  0  2  -3464.937   4295.650  23064.950      9.900     25.650   1185.000
  361   1   1  2   9  1  0  2  -3413.637   4295.650  23064.950      9.900     25.650   1185.000
  362   1   1  2  10  1  0  2  -3362.137   4295.650  23064.950      9.900     25.650   1185.000
  363   1   1  2  11  1  0  2  -3310.837   4295.650  23064.950      9.900     25.650   1185.000
  364   1   1  2  12  1  0  2  -3259.337   4295.650  23064.950      9.900     25.650   1185.000
  365   1   1  2  13  1  0  2  -3208.037   4295.650  23064.950      9.900     25.650   1185.000
  366   1   1  2  14  1  0  2  -3156.537   4295.650  23064.950      9.900     25.650   1185.000
  367   1   1  2  15  1  0  2  -3105.237   4295.650  23064.950      9.900     25.650   1185.000
# ----------------------- layer :   3 nbars:   16 bar_index:  368    1    1    3    0  -3490.687   4324.975  23074.950      9.900    411.100   1195.000
  368   1   1  3   0  1  0  2  -3876.137   4324.975  23064.950      9.900     25.650   1185.000
  369   1   1  3   1  1  0  2  -3824.837   4324.975  23064.950      9.900     25.650   1185.000
  370   1   1  3   2  1  0  2  -3773.337   4324.975  23064.950      9.900     25.650   1185.000
  371   1   1  3   3  1  0  2  -3722.037   4324.975  23064.950      9.900     25.650   1185.000
  372   1   1  3   4  1  0  2  -3670.537   4324.975  23064.950      9.900     25.650   1185.000
  373   1   1  3   5  1  0  2  -3619.237   4324.975  23064.950      9.900     25.650   1185.000
  374   1   1  3   6  1  0  2  -3567.737   4324.975  23064.950      9.900     25.650   1185.000
  375   1   1  3   7  1  0  2  -3516.437   4324.975  23064.950      9.900     25.650   1185.000
  376   1   1  3   8  1  0  2  -3464.937   4324.975  23064.950      9.900     25.650   1185.000
  377   1   1  3   9  1  0  2  -3413.637   4324.975  23064.950      9.900     25.650   1185.000
  378   1   1  3  10  1  0  2  -3362.137   4324.975  23064.950      9.900     25.650   1185.000
  379   1   1  3  11  1  0  2  -3310.837   4324.975  23064.950      9.900     25.650   1185.000
  380   1   1  3  12  1  0  2  -3259.337   4324.975  23064.950      9.900     25.650   1185.000
  381   1   1  3  13  1  0  2  -3208.037   4324.975  23064.950      9.900     25.650   1185.000
  382   1   1  3  14  1  0  2  -3156.537   4324.975  23064.950      9.900     25.650   1185.000
  383   1   1  3  15  1  0  2  -3105.237   4324.975  23064.950      9.900     25.650   1185.000
#sector  2 name : CRV_T2     nmodules:   2 nlayers:   4 nbars:  16  ----------------------- bar_index:  384    1    2    0       9.900     25.650   1600.000
# module:   0 nlayers :   4
# ----------------------- layer :   0 nbars:   16 bar_index:  384    2    0    0    0  -3904.000   4537.000  22651.630      9.900    411.100   1620.000
  384   2   0  0   0  1  2  0  -3904.000   4537.000  22266.180      9.900     25.650   1600.000
  385   2   0  0   1  1  2  0  -3904.000   4537.000  22317.480      9.900     25.650   1600.000
  386   2   0  0   2  1  2  0  -3904.000   4537.000  22368.980      9.900     25.650   1600.000
  387   2   0  0   3  1  2  0  -3904.000   4537.000  22420.280      9.900     25.650   1600.000
  388   2   0  0   4  1  2  0  -3904.000   4537.000  22471.780      9.900     25.650   1600.000
  389   2   0  0   5  1  2  0  -3904.000   4537.000  22523.080      9.900     25.650   1600.000
  390   2   0  0   6  1  2  0  -3904.000   4537.000  22574.580      9.900     25.650   1600.000
  391   2   0  0   7  1  2  0  -3904.000   4537.000  22625.880      9.900     25.650   1600.000
  392   2   0  0   8  1  2  0  -3904.000   4537.000  22677.380      9.900     25.650   1600.000
  393   2   0  0   9  1  2  0  -3904.000   4537.000  22728.680      9.900     25.650   1600.000
  394   2   0  0  10  1  2  0  -3904.000   4537.000  22780.180      9.900     25.650   1600.000
  395   2   0  0  11  1  2  0  -3904.000   4537.000  22831.480      9.900     25.650   1600.000
  396   2   0  0  12  1  2  0  -3904.000   4537.000  22882.980      9.900     25.650   1600.000
  397   2   0  0  13  1  2  0  -3904.000   4537.000  22934.280      9.900     25.650   1600.000
  398   2   0  0  14  1  2  0  -3904.000   4537.000  22985.780      9.900     25.650   1600.000
  399   2   0  0  15  1  2  0  -3904.000   4537.000  23037.080      9.900     25.650   1600.000
# ----------------------- layer :   1 nbars:   16 bar_index:  400    2    0    1    0  -3904.000   4566.325  22609.630      9.900    411.100   1620.000
  400   2   0  1   0  1  2  0  -3904.000   4566.325  22224.180      9.900     25.650   1600.000
  401   2   0  1   1  1  2  0  -3904.000   4566.325  22275.480      9.900     25.650   1600.000
  402   2   0  1   2  1  2  0  -3904.000   4566.325  22326.980      9.900     25.650   1600.000
  403   2   0  1   3  1  2  0  -3904.000   4566.325  22378.280      9.900     25.650   1600.000
  404   2   0  1   4  1  2  0  -3904.000   4566.325  22429.780      9.900     25.650   1600.000
  405   2   0  1   5  1  2  0  -3904.000   4566.325  22481.080      9.900     25.650   1600.000
  406   2   0  1   6  1  2  0  -3904.000   4566.325  22532.580      9.900     25.650   1600.000
  407   2   0  1   7  1  2  0  -3904.000   4566.325  22583.880      9.900     25.650   1600.000
  408   2   0  1   8  1  2  0  -3904.000   4566.325  22635.380      9.900     25.650   1600.000
  409   2   0  1   9  1  2  0  -3904.000   4566.325  22686.680      9.900     25.650   1600.000
  410   2   0  1  10  1  2  0  -3904.000   4566.325  22738.180      9.900     25.650   1600.000
  411   2   0  1  11  1  2  0  -3904.000   4566.325  22789.480      9.900     25.650   1600.000
  412   2   0  1  12  1  2  0  -3904.000   4566.325  22840.980      9.900     25.650   1600.000
  413   2   0  1  13  1  2  0  -3904.000   4566.325  22892.280      9.900     25.650   1600.000
  414   2   0  1  14  1  2  0  -3904.000   4566.325  22943.780      9.900     25.650   1600.000
  415   2   0  1  15  1  2  0  -3904.000   4566.325  22995.080      9.900     25.650   1600.000
# ----------------------- layer :   2 nbars:   16 bar_index:  416    2    0    2    0  -3904.000   4595.650  22567.630      9.900    411.100   1620.000
  416   2   0  2   0  1  2  0  -3904.000   4595.650  22182.180      9.900     25.650   1600.000
  417   2   0  2   1  1  2  0  -3904.000   4595.650  22233.480      9.900     25.650   1600.000
  418   2   0  2   2  1  2  0  -3904.000   4595.650  22284.980      9.900     25.650   1600.000
  419   2   0  2   3  1  2  0  -3904.000   4595.650  22336.280      9.900     25.650   1600.000
  420   2   0  2   4  1  2  0  -3904.000   4595.650  22387.780      9.900     25.650   1600.000
  421   2   0  2   5  1  2  0  -3904.000   4595.650  22439.080      9.900     25.650   1600.000
  422   2   0  2   6  1  2  0  -3904.000   4595.650  22490.580      9.900     25.650   1600.000
  423   2   0  2   7  1  2  0  -3904.000   4595.650  22541.880      9.900     25.650   1600.000
  424   2   0  2   8  1  2  0  -3904.000   4595.650  22593.380      9.900     25.650   1600.000
  425   2   0  2   9  1  2  0  -3904.000   4595.650  22644.680      9.900     25.650   1600.000
  426   2   0  2  10  1  2  0  -3904.000   4595.650  22696.180      9.900     25.650   1600.000
  427   2   0  2  11  1  2  0  -3904.000   4595.650  22747.480      9.900     25.650   1600.000
  428   2   0  2  12  1  2  0  -3904.000   4595.650  22798.980      9.900     25.650   1600.000
  429   2   0  2  13  1  2  0  -3904.000   4595.650  22850.280      9.900     25.650   1600.000
  430   2   0  2  14  1  2  0  -3904.000   4595.650  22901.780      9.900     25.650   1600.000
  431   2   0  2  15  1  2  0  -3904.000   4595.650  22953.080      9.900     25.650   1600.000
# ----------------------- layer :   3 nbars:   16 bar_index:  432    2    0    3    0  -3904.000   4624.975  22525.630      9.900    411.100   1620.000
  432   2   0  3   0  1  2  0  -3904.000   4624.975  22140.180      9.900     25.650   1600.000
  433   2   0  3   1  1  2  0  -3904.000   4624.975  22191.480      9.900     25.650   1600.000
  434   2   0  3   2  1  2  0  -3904.000   4624.975  22242.980      9.900     25.650   1600.000
  435   2   0  3   3  1  2  0  -3904.000   4624.975  22294.280      9.900     25.650   1600.000
  436   2   0  3   4  1  2  0  -3904.000   4624.975  22345.780      9.900     25.650   1600.000
  437   2   0  3   5  1  2  0  -3904.000   4624.975  22397.080      9.900     25.650   1600.000
  438   2   0  3   6  1  2  0  -3904.000   4624.975  22448.580      9.900     25.650   1600.000
  439   2   0  3   7  1  2  0  -3904.000   4624.975  22499.880      9.900     25.650   1600.000
  440   2   0  3   8  1  2  0  -3904.000   4624.975  22551.380      9.900     25.650   1600.000
  441   2   0  3   9  1  2  0  -3904.000   4624.975  22602.680      9.900     25.650   1600.000
  442   2   0  3  10  1  2  0  -3904.000   4624.975  22654.180      9.900     25.650   1600.000
  443   2   0  3  11  1  2  0  -3904.000   4624.975  22705.480      9.900     25.650   1600.000
  444   2   0  3  12  1  2  0  -3904.000   4624.975  22756.980      9.900     25.650   1600.000
  445   2   0  3  13  1  2  0  -3904.000   4624.975  22808.280      9.900     25.650   1600.000
  446   2   0  3  14  1  2  0  -3904.000   4624.975  22859.780      9.900     25.650   1600.000
  447   2   0  3  15  1  2  0  -3904.000   4624.975  22911.080      9.900     25.650   1600.000
# module:   1 nlayers :   4
# ----------------------- layer :   0 nbars:   16 bar_index:  448    2    1    0    0  -3904.000   4537.000  23478.263      9.900    411.100   1620.000
  448   2   1  0   0  1  2  0  -3904.000   4537.000  23092.813      9.900     25.650   1600.000
  449   2   1  0   1  1  2  0  -3904.000   4537.000  23144.113      9.900     25.650   1600.000
  450   2   1  0   2  1  2  0  -3904.000   4537.000  23195.613      9.900     25.650   1600.000
  451   2   1  0   3  1  2  0  -3904.000   4537.000  23246.913      9.900     25.650   1600.000
  452   2   1  0   4  1  2  0  -3904.000   4537.000  23298.413      9.900     25.650   1600.000
  453   2   1  0   5  1  2  0  -3904.000   4537.000  23349.713      9.900     25.650   1600.000
  454   2   1  0   6  1  2  0  -3904.000   4537.000  23401.213      9.900     25.650   1600.000
  455   2   1  0   7  1  2  0  -3904.000   4537.000  23452.513      9.900     25.650   1600.000
  456   2   1  0   8  1  2  0  -3904.000   4537.000  23504.013      9.900     25.650   1600.000
  457   2   1  0   9  1  2  0  -3904.000   4537.000  23555.313      9.900     25.650   1600.000
  458   2   1  0  10  1  2  0  -3904.000   4537.000  23606.813      9.900     25.650   1600.000
  459   2   1  0  11  1  2  0  -3904.000   4537.000  23658.113      9.900     25.650   1600.000
  460   2   1  0  12  1  2  0  -3904.000   4537.000  23709.613      9.900     25.650   1600.000
  461   2   1  0  13  1  2  0  -3904.000   4537.000  23760.913      9.900     25.650   1600.000
  462   2   1  0  14  1  2  0  -3904.000   4537.000  23812.413      9.900     25.650   1600.000
  463   2   1  0  15  1  2  0  -3904.000   4537.000  23863.713      9.900     25.650   1600.000
# ----------------------- layer :   1 nbars:   16 bar_index:  464    2    1    1    0  -3904.000   4566.325  23436.263      9.900    411.100   1620.000
  464   2   1  1   0  1  2  0  -3904.000   4566.325  23050.813      9.900     25.650   1600.000
  465   2   1  1   1  1  2  0  -3904.000   4566.325  23102.113      9.900     25.650   1600.000
  466   2   1  1   2  1  2  0  -3904.000   4566.325  23153.613      9.900     25.650   1600.000
  467   2   1  1   3  1  2  0  -3904.000   4566.325  23204.913      9.900     25.650   1600.000
  468   2   1  1   4  1  2  0  -3904.000   4566.325  23256.413      9.900     25.650   1600.000
  469   2   1  1   5  1  2  0  -3904.000   4566.325  23307.713      9.900     25.650   1600.000
  470   2   1  1   6  1  2  0  -3904.000   4566.325  23359.213      9.900     25.650   1600.000
  471   2   1  1   7  1  2  0  -3904.000   4566.325  23410.513      9.900     25.650   1600.000
  472   2   1  1   8  1  2  0  -3904.000   4566.325  23462.013      9.900     25.650   1600.000
  473   2   1  1   9  1  2  0  -3904.000   4566.325  23513.313      9.900     25.650   1600.000
  474   2   1  1  10  1  2  0  -3904.000   4566.325  23564.813      9.900     25.650   1600.000
  475   2   1  1  11  1  2  0  -3904.000   4566.325  23616.113      9.900     25.650   1600.000
  476   2   1  1  12  1  2  0  -3904.000   4566.325  23667.613      9.900     25.650   1600.000
  477   2   1  1  13  1  2  0  -3904.000   4566.325  23718.913      9.900     25.650   1600.000
  478   2   1  1  14  1  2  0  -3904.000   4566.325  23770.413      9.900     25.650   1600.000
  479   2   1  1  15  1  2  0  -3904.000   4566.325  23821.713      9.900     25.650   1600.000
# ----------------------- layer :   2 nbars:   16 bar_index:  480    2    1    2    0  -3904.000   4595.650  23394.263      9.900    411.100   1620.000
  480   2   1  2   0  1  2  0  -3904.000   4595.650  23008.813      9.900     25.650   1600.000
  481   2   1  2   1  1  2  0  -3904.000   4595.650  23060.113      9.900     25.650   1600.000
  482   2   1  2   2  1  2  0  -3904.000   4595.650  23111.613      9.900     25.650   1600.000
  483   2   1  2   3  1  2  0  -3904.000   4595.650  23162.913      9.900     25.650   1600.000
  484   2   1  2   4  1  2  0  -3904.000   4595.650  23214.413      9.900     25.650   1600.000
  485   2   1  2   5  1  2  0  -3904.000   4595.650  23265.713      9.900     25.650   1600.000
  486   2   1  2   6  1  2  0  -3904.000   4595.650  23317.213      9.900     25.650   1600.000
  487   2   1  2   7  1  2  0  -3904.000   4595.650  23368.513      9.900     25.650   1600.000
  488   2   1  2   8  1  2  0  -3904.000   4595.650  23420.013      9.900     25.650   1600.000
  489   2   1  2   9  1  2  0  -3904.000   4595.650  23471.313      9.900     25.650   1600.000
  490   2   1  2  10  1  2  0  -3904.000   4595.650  23522.813      9.900     25.650   1600.000
  491   2   1  2  11  1  2  0  -3904.000   4595.650  23574.113      9.900     25.650   1600.000
  492   2   1  2  12  1  2  0  -3904.000   4595.650  23625.613      9.900     25.650   1600.000
  493   2   1  2  13  1  2  0  -3904.000   4595.650  23676.913      9.900     25.650   1600.000
  494   2   1  2  14  1  2  0  -3904.000   4595.650  23728.413      9.900     25.650   1600.000
  495   2   1  2  15  1  2  0  -3904.000   4595.650  23779.713      9.900     25.650   1600.000
# ----------------------- layer :   3 nbars:   16 bar_index:  496    2    1    3    0  -3904.000   4624.975  23352.263      9.900    411.100   1620.000
  496   2   1  3   0  1  2  0  -3904.000   4624.975  22966.813      9.900     25.650   1600.000
  497   2   1  3   1  1  2  0  -3904.000   4624.975  23018.113      9.900     25.650   1600.000
  498   2   1  3   2  1  2  0  -3904.000   4624.975  23069.613      9.900     25.650   1600.000
  499   2   1  3   3  1  2  0  -3904.000   4624.975  23120.913      9.900     25.650   1600.000
  500   2   1  3   4  1  2  0  -3904.000   4624.975  23172.413      9.900     25.650   1600.000
  501   2   1  3   5  1  2  0  -3904.000   4624.975  23223.713      9.900     25.650   1600.000
  502   2   1  3   6  1  2  0  -3904.000   4624.975  23275.213      9.900     25.650   1600.000
  503   2   1  3   7  1  2  0  -3904.000   4624.975  23326.513      9.900     25.650   1600.000
  504   2   1  3   8  1  2  0  -3904.000   4624.975  23378.013      9.900     25.650   1600.000
  505   2   1  3   9  1  2  0  -3904.000   4624.975  23429.313      9.900     25.650   1600.000
  506   2   1  3  10  1  2  0  -3904.000   4624.975  23480.813      9.900     25.650   1600.000
  507   2   1  3  11  1  2  0  -3904.000   4624.975  23532.113      9.900     25.650   1600.000
  508   2   1  3  12  1  2  0  -3904.000   4624.975  23583.613      9.900     25.650   1600.000
  509   2   1  3  13  1  2  0  -3904.000   4624.975  23634.913      9.900     25.650   1600.000
  510   2   1  3  14  1  2  0  -3904.000   4624.975  23686.413      9.900     25.650   1600.000
  511   2   1  3  15  1  2  0  -3904.000   4624.975  23737.713      9.900     25.650   1600.000
#sector  3 name : CRV_M1     nmodules:   1 nlayers:   4 nbars:   2  ----------------------- bar_index:  512    1    0    2       9.900     25.650   1100.000
# module:   0 nlayers :   4
# ----------------------- layer :   0 nbars:    2 bar_index:  512    3    0    0    0  -3534.750   4649.400  23016.580      9.900     51.300   1110.000
  512   3   0  0   0  1  0  2  -3509.100   4649.400  23026.580      9.900     25.650   1100.000
  513   3   0  0   1  1  0  2  -3560.400   4649.400  23026.580      9.900     25.650   1100.000
# ----------------------- layer :   1 nbars:    2 bar_index:  514    3    0    1    0  -3534.750   4669.200  23016.580      9.900     51.300   1110.000
  514   3   0  1   0  1  0  2  -3509.100   4669.200  23026.580      9.900     25.650   1100.000
  515   3   0  1   1  1  0  2  -3560.400   4669.200  23026.580      9.900     25.650   1100.000
# ----------------------- layer :   2 nbars:    2 bar_index:  516    3    0    2    0  -3534.750   4689.000  23016.580      9.900     51.300   1110.000
  516   3   0  2   0  1  0  2  -3509.100   4689.000  23026.580      9.900     25.650   1100.000
  517   3   0  2   1  1  0  2  -3560.400   4689.000  23026.580      9.900     25.650   1100.000
# ----------------------- layer :   3 nbars:    2 bar_index:  518    3    0    3    0  -3534.750   4708.800  23016.580      9.900     51.300   1110.000
  518   3   0  3   0  1  0  2  -3509.100   4708.800  23026.580      9.900     25.650   1100.000
  519   3   0  3   1  1  0  2  -3560.400   4708.800  23026.580      9.900     25.650   1100.000
#sector  4 name : CRV_M2     nmodules:   1 nlayers:   4 nbars:   2  ----------------------- bar_index:  520    1    0    2       9.900     25.650   1100.000
# module:   0 nlayers :   4
# ----------------------- layer :   0 nbars:    2 bar_index:  520    4    0    0    0  -3640.250   4649.400  23016.580      9.900     51.300   1110.000
  520   4   0  0   0  1  0  2  -3614.600   4649.400  23026.580      9.900     25.650   1100.000
  521   4   0  0   1  1  0  2  -3665.900   4649.400  23026.580      9.900     25.650   1100.000
# ----------------------- layer :   1 nbars:    2 bar_index:  522    4    0    1    0  -3640.250   4669.200  23016.580      9.900     51.300   1110.000
  522   4   0  1   0  1  0  2  -3614.600   4669.200  23026.580      9.900     25.650   1100.000
  523   4   0  1   1  1  0  2  -3665.900   4669.200  23026.580      9.900     25.650   1100.000
# ----------------------- layer :   2 nbars:    2 bar_index:  524    4    0    2    0  -3640.250   4689.000  23016.580      9.900     51.300   1110.000
  524   4   0  2   0  1  0  2  -3614.600   4689.000  23026.580      9.900     25.650   1100.000
  525   4   0  2   1  1  0  2  -3665.900   4689.000  23026.580      9.900     25.650   1100.000
# ----------------------- layer :   3 nbars:    2 bar_index:  526    4    0    3    0  -3640.250   4708.800  23016.580      9.900     51.300   1110.000
  526   4   0  3   0  1  0  2  -3614.600   4708.800  23026.580      9.900     25.650   1100.000
  527   4   0  3   1  1  0  2  -3665.900   4708.800  23026.580      9.900     25.650   1100.000
#sector  5 name : CRV_M3     nmodules:   1 nlayers:   4 nbars:   2  ----------------------- bar_index:  528    1    0    2       9.900     25.650   1100.000
# module:   0 nlayers :   4
# ----------------------- layer :   0 nbars:    2 bar_index:  528    5    0    0    0  -3745.750   4649.400  23016.580      9.900     51.300   1110.000
  528   5   0  0   0  1  0  2  -3720.100   4649.400  23026.580      9.900     25.650   1100.000
  529   5   0  0   1  1  0  2  -3771.400   4649.400  23026.580      9.900     25.650   1100.000
# ----------------------- layer :   1 nbars:    2 bar_index:  530    5    0    1    0  -3745.750   4669.200  23016.580      9.900     51.300   1110.000
  530   5   0  1   0  1  0  2  -3720.100   4669.200  23026.580      9.900     25.650   1100.000
  531   5   0  1   1  1  0  2  -3771.400   4669.200  23026.580      9.900     25.650   1100.000
# ----------------------- layer :   2 nbars:    2 bar_index:  532    5    0    2    0  -3745.750   4689.000  23016.580      9.900     51.300   1110.000
  532   5   0  2   0  1  0  2  -3720.100   4689.000  23026.580      9.900     25.650   1100.000
  533   5   0  2   1  1  0  2  -3771.400   4689.000  23026.580      9.900     25.650   1100.000
# ----------------------- layer :   3 nbars:    2 bar_index:  534    5    0    3    0  -3745.750   4708.800  23016.580      9.900     51.300   1110.000
  534   5   0  3   0  1  0  2  -3720.100   4708.800  23026.580      9.900     25.650   1100.000
  535   5   0  3   1  1  0  2  -3771.400   4708.800  23026.580      9.900     25.650   1100.000
#sector  6 name : CRV_M4     nmodules:   1 nlayers:   4 nbars:   2  ----------------------- bar_index:  536    1    0    2       9.900     25.650   1100.000
# module:   0 nlayers :   4
# ----------------------- layer :   0 nbars:    2 bar_index:  536    6    0    0    0  -3851.250   4649.400  23016.580      9.900     51.300   1110.000
  536   6   0  0   0  1  0  2  -3825.600   4649.400  23026.580      9.900     25.650   1100.000
  537   6   0  0   1  1  0  2  -3876.900   4649.400  23026.580      9.900     25.650   1100.000
# ----------------------- layer :   1 nbars:    2 bar_index:  538    6    0    1    0  -3851.250   4669.200  23016.580      9.900     51.300   1110.000
  538   6   0  1   0  1  0  2  -3825.600   4669.200  23026.580      9.900     25.650   1100.000
  539   6   0  1   1  1  0  2  -3876.900   4669.200  23026.580      9.900     25.650   1100.000
# ----------------------- layer :   2 nbars:    2 bar_index:  540    6    0    2    0  -3851.250   4689.000  23016.580      9.900     51.300   1110.000
  540   6   0  2   0  1  0  2  -3825.600   4689.000  23026.580      9.900     25.650   1100.000
  541   6   0  2   1  1  0  2  -3876.900   4689.000  23026.580      9.900     25.650   1100.000
# ----------------------- layer :   3 nbars:    2 bar_index:  542    6    0    3    0  -3851.250   4708.800  23016.580      9.900     51.300   1110.000
  542   6   0  3   0  1  0  2  -3825.600   4708.800  23026.580      9.900     25.650   1100.000
  543   6   0  3   1  1  0  2  -3876.900   4708.800  23026.580      9.900     25.650   1100.000
#sector  7 name : CRV_M5     nmodules:   1 nlayers:   4 nbars:   2  ----------------------- bar_index:  544    1    0    2       9.900     25.650   1100.000
# module:   0 nlayers :   4
# ----------------------- layer :   0 nbars:    2 bar_index:  544    7    0    0    0  -3956.750   4649.400  23016.580      9.900     51.300   1110.000
  544   7   0  0   0  1  0  2  -3931.100   4649.400  23026.580      9.900     25.650   1100.000
  545   7   0  0   1  1  0  2  -3982.400   4649.400  23026.580      9.900     25.650   1100.000
# ----------------------- layer :   1 nbars:    2 bar_index:  546    7    0    1    0  -3956.750   4669.200  23016.580      9.900     51.300   1110.000
  546   7   0  1   0  1  0  2  -3931.100   4669.200  23026.580      9.900     25.650   1100.000
  547   7   0  1   1  1  0  2  -3982.400   4669.200  23026.580      9.900     25.650   1100.000
# ----------------------- layer :   2 nbars:    2 bar_index:  548    7    0    2    0  -3956.750   4689.000  23016.580      9.900     51.300   1110.000
  548   7   0  2   0  1  0  2  -3931.100   4689.000  23026.580      9.900     25.650   1100.000
  549   7   0  2   1  1  0  2  -3982.400   4689.000  23026.580      9.900     25.650   1100.000
# ----------------------- layer :   3 nbars:    2 bar_index:  550    7    0    3    0  -3956.750   4708.800  23016.580      9.900     51.300   1110.000
  550   7   0  3   0  1  0  2  -3931.100   4708.800  23026.580      9.900     25.650   1100.000
  551   7   0  3   1  1  0  2  -3982.400   4708.800  23026.580      9.900     25.650   1100.000
#sector  8 name : CRV_M6     nmodules:   1 nlayers:   4 nbars:   2  ----------------------- bar_index:  552    1    0    2       9.900     25.650   1100.000
# module:   0 nlayers :   4
# ----------------------- layer :   0 nbars:    2 bar_index:  552    8    0    0    0  -4062.250   4649.400  23016.580      9.900     51.300   1110.000
  552   8   0  0   0  1  0  2  -4036.600   4649.400  23026.580      9.900     25.650   1100.000
  553   8   0  0   1  1  0  2  -4087.900   4649.400  23026.580      9.900     25.650   1100.000
# ----------------------- layer :   1 nbars:    2 bar_index:  554    8    0    1    0  -4062.250   4669.200  23016.580      9.900     51.300   1110.000
  554   8   0  1   0  1  0  2  -4036.600   4669.200  23026.580      9.900     25.650   1100.000
  555   8   0  1   1  1  0  2  -4087.900   4669.200  23026.580      9.900     25.650   1100.000
# ----------------------- layer :   2 nbars:    2 bar_index:  556    8    0    2    0  -4062.250   4689.000  23016.580      9.900     51.300   1110.000
  556   8   0  2   0  1  0  2  -4036.600   4689.000  23026.580      9.900     25.650   1100.000
  557   8   0  2   1  1  0  2  -4087.900   4689.000  23026.580      9.900     25.650   1100.000
# ----------------------- layer :   3 nbars:    2 bar_index:  558    8    0    3    0  -4062.250   4708.800  23016.580      9.900     51.300   1110.000
  558   8   0  3   0  1  0  2  -4036.600   4708.800  23026.580      9.900     25.650   1100.000
  559   8   0  3   1  1  0  2  -4087.900   4708.800  23026.580      9.900     25.650   1100.000
#sector  9 name : CRV_M7     nmodules:   1 nlayers:   4 nbars:   2  ----------------------- bar_index:  560    1    0    2       9.900     25.650   1100.000
# module:   0 nlayers :   4
# ----------------------- layer :   0 nbars:    2 bar_index:  560    9    0    0    0  -4167.750   4649.400  23016.580      9.900     51.300   1110.000
  560   9   0  0   0  1  0  2  -4142.100   4649.400  23026.580      9.900     25.650   1100.000
  561   9   0  0   1  1  0  2  -4193.400   4649.400  23026.580      9.900     25.650   1100.000
# ----------------------- layer :   1 nbars:    2 bar_index:  562    9    0    1    0  -4167.750   4669.200  23016.580      9.900     51.300   1110.000
  562   9   0  1   0  1  0  2  -4142.100   4669.200  23026.580      9.900     25.650   1100.000
  563   9   0  1   1  1  0  2  -4193.400   4669.200  23026.580      9.900     25.650   1100.000
# ----------------------- layer :   2 nbars:    2 bar_index:  564    9    0    2    0  -4167.750   4689.000  23016.580      9.900     51.300   1110.000
  564   9   0  2   0  1  0  2  -4142.100   4689.000  23026.580      9.900     25.650   1100.000
  565   9   0  2   1  1  0  2  -4193.400   4689.000  23026.580      9.900     25.650   1100.000
# ----------------------- layer :   3 nbars:    2 bar_index:  566    9    0    3    0  -4167.750   4708.800  23016.580      9.900     51.300   1110.000
  566   9   0  3   0  1  0  2  -4142.100   4708.800  23026.580      9.900     25.650   1100.000
  567   9   0  3   1  1  0  2  -4193.400   4708.800  23026.580      9.900     25.650   1100.000
#sector 10 name : CRV_M8     nmodules:   1 nlayers:   4 nbars:   2  ----------------------- bar_index:  568    1    0    2       9.900     25.650   1100.000
# module:   0 nlayers :   4
# ----------------------- layer :   0 nbars:    2 bar_index:  568   10    0    0    0  -4273.250   4649.400  23016.580      9.900     51.300   1110.000
  568  10   0  0   0  1  0  2  -4247.600   4649.400  23026.580      9.900     25.650   1100.000
  569  10   0  0   1  1  0  2  -4298.900   4649.400  23026.580      9.900     25.650   1100.000
# ----------------------- layer :   1 nbars:    2 bar_index:  570   10    0    1    0  -4273.250   4669.200  23016.580      9.900     51.300   1110.000
  570  10   0  1   0  1  0  2  -4247.600   4669.200  23026.580      9.900     25.650   1100.000
  571  10   0  1   1  1  0  2  -4298.900   4669.200  23026.580      9.900     25.650   1100.000
# ----------------------- layer :   2 nbars:    2 bar_index:  572   10    0    2    0  -4273.250   4689.000  23016.580      9.900     51.300   1110.000
  572  10   0  2   0  1  0  2  -4247.600   4689.000  23026.580      9.900     25.650   1100.000
  573  10   0  2   1  1  0  2  -4298.900   4689.000  23026.580      9.900     25.650   1100.000
# ----------------------- layer :   3 nbars:    2 bar_index:  574   10    0    3    0  -4273.250   4708.800  23016.580      9.900     51.300   1110.000
  574  10   0  3   0  1  0  2  -4247.600   4708.800  23026.580      9.900     25.650   1100.000
  575  10   0  3   1  1  0  2  -4298.900   4708.800  23026.580      9.900     25.650   1100.000
